12
-0.464893 0.209560 0.139192 0.168976 -1.509442 -0.838721 -1.415144 0.270503 -0.194212 -1.547212 0.128199 0.665406 
-1.564358 1.566657 0.009191 0.613706 -0.282337 -0.937783 1.170986 0.209779 0.141305 1.050982 -0.953258 0.570734 
2.191728 0.971841 -0.941838 -0.280727 2.325064 1.153263 1.664951 0.268780 -1.575417 0.090103 -0.571431 1.090082 
1.169466 -0.068731 -0.114161 -0.574600 0.435788 0.934373 -0.295985 1.345922 -0.561214 -0.253266 0.578046 1.138631 
0.536954 0.738399 0.257255 0.280070 1.434720 -0.858092 -0.189738 -0.245128 0.189789 -0.300230 -0.937138 1.569920 
1.496888 0.077948 0.160888 -0.646600 -0.514860 0.173995 0.036375 -0.217114 0.549607 -0.058866 2.167766 -2.405256 
0.116273 -0.073111 0.898147 0.057806 1.440780 1.007903 0.648368 0.527276 0.036980 1.331383 0.001015 0.340437 
0.062592 0.473130 2.931801 0.432491 -1.480104 0.180894 -1.354081 -0.998674 0.701645 0.051561 1.540729 0.753674 
-0.525675 -0.035681 0.538856 0.253767 -0.007925 0.448445 -0.900027 0.916238 0.429533 0.011413 0.125763 -0.344074 
0.173658 -1.529077 -1.007289 1.140728 -1.529019 0.614715 -1.024758 -0.322533 0.850228 1.290880 -1.188505 0.061031 
-0.880741 -0.408966 0.338858 0.942827 -0.442146 -0.576369 0.580902 -0.694494 -0.374488 0.229294 -0.161783 -0.042121 
0.956772 1.177054 0.721729 -1.351952 -0.874376 -0.217289 -0.170180 0.550598 0.177496 -0.301565 -1.684134 0.253764 
